10661.7234042553
11167.34
10650.7234042553
10676.5
10501.34
11102.1
10460.82
10585.74
10295.18
10460.4791666667
9827.10416666667
10600.52
9391.58333333333
10695.28
10707.22
10711.7111111111
10254.88
10452.3
10894.06
10856.68
10187.84
10549.96
10398.04
11460.52
10814.9361702128
10479.88
10999
10344.2857142857
10345.8510638298
10396.2083333333
10677.0638297872
10940.2765957447
11123.1875
10887.1
10781.26
10441.1276595745
10949.94
10356.0212765957
11130.8
10498.5833333333
9922.76
9243.38095238095
10957.28
10005.488372093
10860.64
10958.4468085106
11077.96
10661.2222222222
11188.28
10399.98
10665.62
10912.2765957447
10203.5416666667
10505.82
10889.8
10242.22
10953.12
10339.22
10298.96
10880.0208333333
10745.48
10737.98
10967.9166666667
9775.56
10523.8541666667
10941.18
10196.7291666667
10565.96
10406.1333333333
10869.1
10837.5
10500.2608695652
10945.3404255319
11324.48
11340.0625
