4130
4064
3914
3926
3899
3969
3914
3839
4179
3901
3926
3969
3953
3809
3810
3809
3839
3839
3914
3995
3809
3809
4273
3953
3914
3839
4382
3810
3953
3839
3914
3839
3839
3953
3839
3953
3839
3953
3810
3839
3839
3810
3995
3810
4169
3810
3953
3810
3839
3839
3810
3953
4159
3810
3810
3810
3810
3857
3810
3810
3810
4067
3982
4051
4099
4051
3842
3857
3930
4002
3857
3749
3807
3749
3749
3749
3749
3749
3732
3732
3749
3732
3732
3732
3749
3749
3749
3749
3749
3732
3732
3732
3732
3732
3732
3732
3732
3732
3732
3732
3732
3732
3732
3732
3732
3732
3732
3732
3732
3732
3732
3732
3732
3732
3732
3732
3732
3732
3732
3732
3732
3732
3732
3732
3732
3732
3732
3732
3732
3732
3732
3732
3732
3732
3732
3732
3732
3732
3732
3732
3732
3732
3732
3732
3732
3732
3732
3732
3732
3732
3732
3732
3732
3732
3732
3732
3732
3732
3732
3732
3732
3732
3732
3732
3732
3732
3732
3732
3732
3732
3732
3732
3732
3732
3732
3732
3732
3732
3732
3732
3732
3732
3732
3732
3732
3732
3732
3732
3732
3732
3732
3732
3732
3732
3732
3732
3732
3732
3732
3732
